# 5 1 61 50 5 // Color(61505)
# 6 1 61 50 5 //Color(1251028)
# 7 1 61 50 5 //Color(24119615)
# 8 1 61 50 5
# 9 1 61 50 5
# 10 1 61 50 5
# 2 2 61 50 5
# 8 1 154 125 10
# 9 1 154 125 10
# 10 1 154 125 10
# 2 2 154 125 10
# 3 2 241 196 15
# 4 2 241 196 15
# 5 2 241 196 15
# 6 2 241 196 15
# 7 2 241 196 15
# 8 2 241 196 15
# 9 2 241 196 15
# 10 2 241 196 15
# 2 3 241 196 15
# 3 3 241 196 15
# 4 3 241 196 15
# 5 3 241 196 15
# 6 3 241 196 15
# 7 3 61 50 5
# 8 3 61 50 5
# 9 3 61 50 5
# 4 4 61 50 5
# 5 4 241 196 15
# 6 4 61 50 5
# 4 5 61 50 5
# 5 5 241 196 15
# 6 5 61 50 5
# 4 6 61 50 5
# 5 6 241 196 15
# 4 7 61 50 5
# 5 7 241 196 15
# 4 8 61 50 5
# 5 8 241 196 15
# 4 9 61 50 5
# 5 9 241 196 15
# 4 10 61 50 5
# 5 10 241 196 15
# 3 11 61 50 5
# 4 11 61 50 5
# 5 11 241 196 15
# 6 11 241 196 15
# 7 11 241 196 15
# 8 11 241 196 15
# 9 11 61 50 5
# 2 12 61 50 5
# 3 12 241 196 15
# 4 12 241 196 15
# 5 12 241 196 15
# 6 12 241 196 15
# 7 12 61 50 5
# 8 12 61 50 5
# 9 12 61 50 5
# 2 13 61 50 5
# 3 13 61 50 5
# 4 13 61 50 5
# 13 2 61 50 5
# 14 2 61 50 5
# 12 3 61 50 5
# 13 3 241 196 15
# 14 3 241 196 15
# 15 3 241 196 15
# 12 4 61 50 5
# 13 4 241 196 15
# 14 4 241 196 15
# 15 4 241 196 15
# 13 5 241 196 15
# 14 5 241 196 15
# 15 5 241 196 15
# 16 5 61 50 5
# 13 6 241 196 15
# 14 6 241 196 15
# 15 6 241 196 15
# 16 6 241 196 15
# 17 6 61 50 5
# 13 7 241 196 15
# 14 7 61 50 5
# 15 7 61 50 5
# 16 7 241 196 15
# 17 7 241 196 15
# 18 7 61 50 5
# 13 8 241 196 15
# 14 8 61 50 5
# 15 8 61 50 5
# 16 8 61 50 5
# 17 8 241 196 15
# 18 8 241 196 15
# 19 8 241 196 15
# 13 9 241 196 15
# 14 9 61 50 5
# 16 9 61 50 5
# 17 9 241 196 15
# 18 9 241 196 15
# 19 9 241 196 15
# 12 10 61 50 5
# 13 10 241 196 15
# 14 10 61 50 5
# 17 10 61 50 5
# 18 10 61 50 5
# 19 10 241 196 15
# 20 10 241 196 15
# 21 10 241 196 15
# 12 11 61 50 5
# 13 11 241 196 15
# 14 11 61 50 5
# 18 11 61 50 5
# 19 11 241 196 15
# 20 11 241 196 15
# 21 11 241 196 15
# 12 12 61 50 5
# 13 12 241 196 15
# 14 12 61 50 5
# 18 12 61 50 5
# 19 12 241 196 15
# 20 12 241 196 15
# 21 12 241 196 15
# 19 13 61 50 5
# 20 13 61 50 5
# 20 12 241 196 15
# 20 11 241 196 15
# 20 10 241 196 15
# 20 9 241 196 15
# 20 8 241 196 15
# 20 7 241 196 15
# 20 6 241 196 15
# 20 5 241 196 15
# 20 4 241 196 15
# 20 3 241 196 15
# 20 2 241 196 15
# 20 1 61 50 5
# 21 12 61 50 5
# 21 11 61 50 5
# 21 10 61 50 5
# 21 9 61 50 5
# 21 8 61 50 5
# 21 7 61 50 5
# 21 6 61 50 5
# 21 5 61 50 5
# 21 4 61 50 5
# 21 3 61 50 5
# 21 2 61 50 5
# 21 1 61 50 5
# 19 4 61 50 5
# 19 3 61 50 5
# 19 2 61 50 5
# 19 1 61 50 5
# 25 1 61 50 5
# 26 1 61 50 5
# 27 1 61 50 5
# 28 1 61 50 5
# 29 1 61 50 5
# 23 2 61 50 5
# 24 2 241 196 15
# 25 2 241 196 15
# 26 2 241 196 15
# 27 2 241 196 15
# 28 2 241 196 15
# 29 2 61 50 5
# 22 3 61 50 5
# 23 3 241 196 15
# 24 3 241 196 15
# 25 3 61 50 5
# 26 3 61 50 5
# 27 3 61 50 5
# 24 4 61 50 5
# 23 4 241 196 15
# 24 5 61 50 5
# 23 5 241 196 15
# 22 7 61 50 5
# 23 7 241 196 15
# 22 8 61 50 5
# 23 8 241 196 15
# 22 9 61 50 5
# 23 9 241 196 15
# 24 9 61 50 5
# 22 10 61 50 5
# 23 10 241 196 15
# 24 10 61 50 5
# 22 11 61 50 5
# 23 11 241 196 15
# 24 11 61 50 5
# 22 12 61 50 5
# 23 12 241 196 15
# 24 12 61 50 5
# 22 13 61 50 5
# 23 13 241 196 15
# 24 13 61 50 5
# 23 7 241 196 15
# 24 7 241 196 15
# 25 7 241 196 15
# 26 7 241 196 15
# 27 7 241 196 15
# 28 7 61 50 5
# 23 6 241 196 15
# 24 6 61 50 5
# 25 6 61 50 5
# 26 6 61 50 5
# 27 6 241 196 15
# 28 6 241 196 15
# 29 6 241 196 15
# 30 6 61 50 5
# 23 8 241 196 15
# 24 8 241 196 15
# 25 8 61 50 5
# 26 8 61 50 5
# 29 5 61 50 5
# 28 5 61 50 5
# 31 1 61 50 5
# 32 1 61 50 5
# 33 1 61 50 5
# 31 2 61 50 5
# 32 2 241 196 15
# 33 2 61 50 5
# 32 3 241 196 15
# 33 3 61 50 5
# 32 4 241 196 15
# 33 4 61 50 5
# 32 5 241 196 15
# 33 5 61 50 5
# 32 6 241 196 15
# 33 6 61 50 5
# 32 7 241 196 15
# 33 7 61 50 5
# 31 8 61 50 5
# 32 8 241 196 15
# 33 8 61 50 5
# 31 9 61 50 5
# 32 9 241 196 15
# 33 9 61 50 5
# 31 10 61 50 5
# 32 10 241 196 15
# 33 10 61 50 5
# 31 11 61 50 5
# 32 11 241 196 15
# 33 11 61 50 5
# 31 12 61 50 5
# 32 12 241 196 15
# 33 12 61 50 5
# 32 13 61 50 5
# 36 2 61 50 5
# 37 2 61 50 5
# 35 3 61 50 5
# 36 3 241 196 15
# 37 3 241 196 15
# 38 3 241 196 15
# 35 4 61 50 5
# 36 4 241 196 15
# 37 4 241 196 15
# 38 4 241 196 15
# 36 5 241 196 15
# 37 5 241 196 15
# 38 5 241 196 15
# 39 5 61 50 5
# 36 6 241 196 15
# 37 6 241 196 15
# 38 6 241 196 15
# 39 6 241 196 15
# 40 6 61 50 5
# 36 7 241 196 15
# 37 7 61 50 5
# 38 7 61 50 5
# 39 7 241 196 15
# 40 7 241 196 15
# 41 7 61 50 5
# 36 8 241 196 15
# 37 8 61 50 5
# 38 8 61 50 5
# 39 8 61 50 5
# 40 8 241 196 15
# 41 8 241 196 15
# 42 8 241 196 15
# 36 9 241 196 15
# 37 9 61 50 5
# 39 9 61 50 5
# 40 9 241 196 15
# 41 9 241 196 15
# 42 9 241 196 15
# 35 10 61 50 5
# 36 10 241 196 15
# 37 10 61 50 5
# 40 10 61 50 5
# 41 10 61 50 5
# 42 10 241 196 15
# 43 10 241 196 15
# 44 10 241 196 15
# 35 11 61 50 5
# 36 11 241 196 15
# 37 11 61 50 5
# 41 11 61 50 5
# 42 11 241 196 15
# 43 11 241 196 15
# 44 11 241 196 15
# 35 12 61 50 5
# 36 12 241 196 15
# 37 12 61 50 5
# 41 12 61 50 5
# 42 12 241 196 15
# 43 12 241 196 15
# 44 12 241 196 15
# 42 13 61 50 5
# 43 13 61 50 5
# 43 12 241 196 15
# 43 11 241 196 15
# 43 10 241 196 15
# 43 9 241 196 15
# 43 8 241 196 15
# 43 7 241 196 15
# 43 6 241 196 15
# 43 5 241 196 15
# 43 4 241 196 15
# 43 3 241 196 15
# 43 2 241 196 15
# 43 1 61 50 5
# 44 12 61 50 5
# 44 11 61 50 5
# 44 10 61 50 5
# 44 9 61 50 5
# 44 8 61 50 5
# 44 7 61 50 5
# 44 6 61 50 5
# 44 5 61 50 5
# 44 4 61 50 5
# 44 3 61 50 5
# 44 2 61 50 5
# 44 1 61 50 5
# 42 4 61 50 5
# 42 3 61 50 5
# 42 2 61 50 5
# 42 1 61 50 5
# 46 1 61 50 5
# 47 1 61 50 5
# 48 1 61 50 5
# 46 2 61 50 5
# 47 2 241 196 15
# 48 2 61 50 5
# 47 3 241 196 15
# 48 3 61 50 5
# 47 4 241 196 15
# 48 4 61 50 5
# 47 5 241 196 15
# 48 5 61 50 5
# 47 6 241 196 15
# 48 6 61 50 5
# 47 7 241 196 15
# 48 7 61 50 5
# 46 8 61 50 5
# 47 8 241 196 15
# 48 8 61 50 5
# 46 9 61 50 5
# 47 9 241 196 15
# 48 9 61 50 5
# 46 10 61 50 5
# 47 10 241 196 15
# 48 10 61 50 5
# 46 11 61 50 5
# 47 11 241 196 15
# 48 11 61 50 5
# 46 12 61 50 5
# 47 12 241 196 15
# 48 12 61 50 5
# 47 13 61 50 5
# 55 1 61 50 5
# 56 1 61 50 5
# 57 1 61 50 5
# 58 1 61 50 5
# 59 1 61 50 5
# 60 1 61 50 5
# 51 2 61 50 5
# 52 2 61 50 5
# 53 2 241 196 15
# 54 2 241 196 15
# 55 2 241 196 15
# 56 2 241 196 15
# 57 2 241 196 15
# 58 2 241 196 15
# 59 2 241 196 15
# 60 2 61 50 5
# 50 3 61 50 5
# 51 3 241 196 15
# 52 3 241 196 15
# 53 3 241 196 15
# 54 3 241 196 15
# 55 3 241 196 15
# 56 3 241 196 15
# 57 3 241 196 15
# 51 4 61 50 5
# 52 4 61 50 5
# 54 4 61 50 5
# 55 4 241 196 15
# 56 4 61 50 5
# 54 5 61 50 5
# 55 5 241 196 15
# 56 5 61 50 5
# 54 6 61 50 5
# 55 6 241 196 15
# 54 7 61 50 5
# 55 7 241 196 15
# 54 8 61 50 5
# 55 8 241 196 15
# 54 9 61 50 5
# 55 9 241 196 15
# 54 10 61 50 5
# 55 10 241 196 15
# 54 11 61 50 5
# 55 11 241 196 15
# 54 12 61 50 5
# 55 12 241 196 15
# 54 13 61 50 5
# 55 13 61 50 5
# 68 1 61 50 5
# 61 2 61 50 5
# 67 2 61 50 5
# 68 2 241 196 15
# 69 2 61 50 5
# 59 3 61 50 5
# 60 3 61 50 5
# 61 3 241 196 15
# 62 3 61 50 5
# 66 3 61 50 5
# 67 3 241 196 15
# 68 3 61 50 5
# 60 4 61 50 5
# 61 4 241 196 15
# 62 4 241 196 15
# 65 4 61 50 5
# 66 4 241 196 15
# 67 4 241 196 15
# 68 4 61 50 5
# 61 5 61 50 5
# 62 5 241 196 15
# 63 5 61 50 5
# 65 5 61 50 5
# 66 5 241 196 15
# 67 5 61 50 5
# 62 6 61 50 5
# 63 6 241 196 15
# 64 6 61 50 5
# 65 6 241 196 15
# 66 6 61 50 5
# 63 7 241 196 15
# 64 7 241 196 15
# 65 7 241 196 15
# 66 7 61 50 5
# 63 8 61 50 5
# 64 8 241 196 15
# 65 8 61 50 5
# 63 9 61 50 5
# 64 9 241 196 15
# 65 9 61 50 5
# 62 10 61 50 5
# 63 10 241 196 15
# 64 10 61 50 5
# 62 11 61 50 5
# 63 11 241 196 15
# 64 11 61 50 5
# 62 12 61 50 5
# 63 12 241 196 15
# 64 12 61 50 5
# 63 13 61 50 5
# 35 15 61 50 5
# 36 15 61 50 5
# 37 15 61 50 5
# 38 15 61 50 5
# 39 15 61 50 5
# 40 15 61 50 5
# 41 15 61 50 5
# 42 15 61 50 5
# 34 16 61 50 5
# 35 16 241 196 15
# 36 16 241 196 15
# 37 16 241 196 15
# 38 16 241 196 15
# 39 16 241 196 15
# 40 16 241 196 15
# 41 16 241 196 15
# 42 16 241 196 15
# 43 16 61 50 5
# 34 17 61 50 5
# 35 17 241 196 15
# 36 17 61 50 5
# 37 17 61 50 5
# 41 17 61 50 5
# 42 17 61 50 5
# 43 17 241 196 15
# 35 18 241 196 15
# 36 18 61 50 5
# 42 18 61 50 5
# 43 18 241 196 15
# 35 19 241 196 15
# 36 19 61 50 5
# 41 19 61 50 5
# 42 19 241 196 15
# 43 19 61 50 5
# 35 20 241 196 15
# 36 20 61 50 5
# 40 20 61 50 5
# 41 20 241 196 15
# 42 20 241 196 15
# 43 20 61 50 5
# 35 21 241 196 15
# 36 21 61 50 5
# 38 21 61 50 5
# 39 21 241 196 15
# 40 21 241 196 15
# 41 21 241 196 15
# 42 21 61 50 5
# 35 22 241 196 15
# 36 22 241 196 15
# 37 22 241 196 15
# 38 22 241 196 15
# 39 22 241 196 15
# 40 22 61 50 5
# 35 23 241 196 15
# 36 23 241 196 15
# 37 23 241 196 15
# 38 23 241 196 15
# 39 23 241 196 15
# 40 23 241 196 15
# 41 23 61 50 5
# 34 24 61 50 5
# 35 24 241 196 15
# 36 24 61 50 5
# 37 24 61 50 5
# 38 24 61 50 5
# 39 24 61 50 5
# 40 24 241 196 15
# 41 24 241 196 15
# 42 24 61 50 5
# 34 25 61 50 5
# 35 25 241 196 15
# 36 25 61 50 5
# 41 25 61 50 5
# 42 25 241 196 15
# 43 25 61 50 5
# 34 26 61 50 5
# 35 26 241 196 15
# 36 26 61 50 5
# 42 26 61 50 5
# 43 26 61 50 5
# 35 27 61 50 5
# 49 15 61 50 5
# 50 15 61 50 5
# 51 15 61 50 5
# 52 15 61 50 5
# 53 15 61 50 5
# 48 16 61 50 5
# 49 16 241 196 15
# 50 16 241 196 15
# 51 16 241 196 15
# 52 16 241 196 15
# 53 16 241 196 15
# 54 16 61 50 5
# 47 17 241 196 15
# 48 17 241 196 15
# 49 17 61 50 5
# 50 17 61 50 5
# 51 17 61 50 5
# 52 17 61 50 5
# 53 17 241 196 15
# 54 17 61 50 5
# 46 18 241 196 15
# 47 18 241 196 15
# 48 18 61 50 5
# 54 18 241 196 15
# 53 18 61 50 5
# 45 19 61 50 5
# 46 19 241 196 15
# 47 19 61 50 5
# 53 19 61 50 5
# 54 19 241 196 15
# 55 19 61 50 5
# 45 20 241 196 15
# 46 20 61 50 5
# 53 20 61 50 5
# 54 20 241 196 15
# 55 20 61 50 5
# 44 21 61 50 5
# 45 21 241 196 15
# 46 21 61 50 5
# 53 21 241 196 15
# 54 21 241 196 15
# 44 22 61 50 5
# 45 22 241 196 15
# 52 22 61 50 5
# 53 22 241 196 15
# 54 22 61 50 5
# 44 23 61 50 5
# 45 23 241 196 15
# 46 23 61 50 5
# 51 23 61 50 5
# 52 23 241 196 15
# 53 23 241 196 15
# 54 23 61 50 5
# 44 24 61 50 5
# 45 24 241 196 15
# 46 24 61 50 5
# 50 24 61 50 5
# 51 24 241 196 15
# 52 24 241 196 15
# 53 24 61 50 5
# 45 25 241 196 15
# 46 25 241 196 15
# 47 25 61 50 5
# 48 25 61 50 5
# 49 25 61 50 5
# 50 25 241 196 15
# 51 25 241 196 15
# 52 25 61 50 5
# 46 26 241 196 15
# 47 26 241 196 15
# 48 26 241 196 15
# 49 26 241 196 15
# 50 26 61 50 5
# 51 26 61 50 5
# 47 27 61 50 5
# 48 27 61 50 5
# 63 15 61 50 5
# 64 15 61 50 5
# 65 15 61 50 5
# 66 15 61 50 5
# 61 16 61 50 5
# 62 16 241 196 15
# 63 16 241 196 15
# 64 16 241 196 15
# 65 16 241 196 15
# 66 16 61 50 5
# 60 17 61 50 5
# 61 17 241 196 15
# 62 17 241 196 15
# 63 17 61 50 5
# 65 17 61 50 5
# 66 17 61 50 5
# 59 18 61 50 5
# 60 18 241 196 15
# 61 18 241 196 15
# 62 18 61 50 5
# 59 19 241 196 15
# 60 19 241 196 15
# 61 19 61 50 5
# 58 20 61 50 5
# 59 20 241 196 15
# 60 20 61 50 5
# 65 20 61 50 5
# 66 20 61 50 5
# 67 20 61 50 5
# 68 20 61 50 5
# 58 21 241 196 15
# 59 21 241 196 15
# 62 21 61 50 5
# 63 21 241 196 15
# 64 21 241 196 15
# 65 21 241 196 15
# 66 21 241 196 15
# 67 21 241 196 15
# 68 21 61 50 5
# 57 22 61 50 5
# 58 22 241 196 15
# 59 22 61 50 5
# 62 22 61 50 5
# 63 22 241 196 15
# 64 22 241 196 15
# 65 22 241 196 15
# 66 22 241 196 15
# 67 22 61 50 5
# 57 23 61 50 5
# 58 23 241 196 15
# 59 23 61 50 5
# 65 23 61 50 5
# 66 23 241 196 15
# 67 23 61 50 5
# 57 24 61 50 5
# 58 24 241 196 15
# 59 24 61 50 5
# 64 24 61 50 5
# 65 24 241 196 15
# 66 24 61 50 5
# 57 25 61 50 5
# 58 25 241 196 15
# 59 25 241 196 15
# 60 25 241 196 15
# 61 25 241 196 15
# 62 25 241 196 15
# 63 25 241 196 15
# 64 25 241 196 15
# 65 25 61 50 5
# 58 26 61 50 5
# 59 26 241 196 15
# 60 26 241 196 15
# 61 26 241 196 15
# 62 26 241 196 15
# 63 26 241 196 15
# 64 26 61 50 5
# 59 27 61 50 5
# 60 27 61 50 5
# 61 27 61 50 5
# 62 27 61 50 5
# 63 27 61 50 5
# 70 15 61 50 5
# 70 16 241 196 15
# 70 17 241 196 15
# 70 18 241 196 15
# 70 19 241 196 15
# 70 20 241 196 15
# 70 21 241 196 15
# 70 22 241 196 15
# 70 23 241 196 15
# 70 24 241 196 15
# 70 25 241 196 15
# 70 26 241 196 15
# 70 27 61 50 5
# 69 19 61 50 5
# 69 20 61 50 5
# 69 21 61 50 5
# 69 22 61 50 5
# 69 23 61 50 5
# 69 24 61 50 5
# 69 25 61 50 5
# 69 26 61 50 5
# 71 15 61 50 5
# 71 16 61 50 5
# 71 17 61 50 5
# 71 18 61 50 5
# 71 19 61 50 5
# 71 24 61 50 5
# 71 25 241 196 15
# 71 26 241 196 15
# 71 27 61 50 5
# 72 24 61 50 5
# 72 25 241 196 15
# 72 26 61 50 5
# 73 24 61 50 5
# 73 25 241 196 15
# 73 26 61 50 5
# 74 23 61 50 5
# 74 24 241 196 15
# 74 25 61 50 5
# 75 23 61 50 5
# 75 24 241 196 15
# 75 25 61 50 5
# 76 15 61 50 5
# 76 16 61 50 5
# 76 17 61 50 5
# 76 18 61 50 5
# 76 19 61 50 5
# 76 20 61 50 5
# 76 21 61 50 5
# 76 22 61 50 5
# 76 23 61 50 5
# 76 24 241 196 15
# 76 25 61 50 5
# 77 15 61 50 5
# 77 16 241 196 15
# 77 17 241 196 15
# 77 18 241 196 15
# 77 19 241 196 15
# 77 20 241 196 15
# 77 21 241 196 15
# 77 22 241 196 15
# 77 23 241 196 15
# 77 24 241 196 15
# 77 25 61 50 5
# 79 16 61 50 5
# 79 17 61 50 5
# 79 19 61 50 5
# 79 20 61 50 5
# 79 21 61 50 5
# 79 22 61 50 5
# 79 23 61 50 5
# 79 24 61 50 5
# 79 25 61 50 5
# 80 16 61 50 5
# 80 17 241 196 15
# 80 18 241 196 15
# 80 19 241 196 15
# 80 20 241 196 15
# 80 21 241 196 15
# 80 22 241 196 15
# 80 23 241 196 15
# 80 24 241 196 15
# 80 25 241 196 15
# 80 26 241 196 15
# 80 27 61 50 5
# 81 15 61 50 5
# 81 16 241 196 15
# 81 17 241 196 15
# 81 18 61 50 5
# 81 19 61 50 5
# 81 20 61 50 5
# 81 21 241 196 15
# 81 22 61 50 5
# 81 23 61 50 5
# 81 24 61 50 5
# 81 25 241 196 15
# 81 26 241 196 15
# 81 27 61 50 5
# 82 15 61 50 5
# 82 16 241 196 15
# 82 17 61 50 5
# 82 20 61 50 5
# 82 21 241 196 15
# 82 22 61 50 5
# 82 24 61 50 5
# 82 25 241 196 15
# 82 26 61 50 5
# 83 15 61 50 5
# 83 16 241 196 15
# 83 19 61 50 5
# 83 20 241 196 15
# 83 21 61 50 5
# 83 24 61 50 5
# 83 25 241 196 15
# 83 26 61 50 5
# 84 15 61 50 5
# 84 16 61 50 5
# 84 19 61 50 5
# 84 20 241 196 15
# 84 21 61 50 5
# 84 24 241 196 15
# 84 25 241 196 15
# 84 26 61 50 5
# 85 15 61 50 5
# 85 16 61 50 5
# 85 19 61 50 5
# 85 20 241 196 15
# 85 21 61 50 5
# 85 23 61 50 5
# 85 24 241 196 15
# 85 25 61 50 5
# 86 15 61 50 5
# 86 16 61 50 5
# 86 19 61 50 5
# 86 20 61 50 5
# 86 23 61 50 5
# 86 24 241 196 15
# 110 1 66 165 245
# 109 1 66 165 245
# 108 1 62 39 35
# 111 1 62 39 35
# 108 2 62 39 35
# 109 2 62 39 35
# 110 2 62 39 35
# 111 2 62 39 35
# 109 3 62 39 35
# 110 3 62 39 35
# 109 4 62 39 35
# 110 4 62 39 35
# 109 5 62 39 35
# 110 5 62 39 35
# 109 6 62 39 35
# 110 6 62 39 35
# 109 7 62 39 35
# 110 7 62 39 35
# 109 8 62 39 35
# 110 8 62 39 35
# 109 9 62 39 35
# 110 9 62 39 35
# 108 10 62 39 35
# 109 10 62 39 35
# 110 10 62 39 35
# 111 10 62 39 35
# 108 11 62 39 35
# 109 11 66 165 245
# 110 11 66 165 245
# 111 11 62 39 35
# 108 12 62 39 35
# 109 12 66 165 245
# 110 12 66 165 245
# 111 12 62 39 35
# 108 13 62 39 35
# 109 13 62 39 35
# 110 13 62 39 35
# 111 13 62 39 35
# 107 11 62 39 35
# 107 12 62 39 35
# 106 11 0 172 193
# 106 10 0 172 193
# 105 10 0 172 193
# 105 9 0 172 193
# 106 12 62 39 35
# 105 11 62 39 35
# 105 12 62 39 35
# 104 12 62 39 35
# 104 13 62 39 35
# 104 14 189 189 189
# 104 15 189 189 189
# 104 16 189 189 189
# 105 13 189 189 189
# 105 14 189 189 189
# 105 16 189 189 189
# 106 13 189 189 189
# 114 11 62 39 35
# 114 12 62 39 35
# 113 12 62 39 35
# 115 12 62 39 35
# 115 13 62 39 35
# 112 11 62 39 35
# 112 12 62 39 35
# 113 11 0 172 193
# 113 10 0 172 193
# 114 10 0 172 193
# 114 9 0 172 193
# 113 12 62 39 35
# 112 11 62 39 35
# 112 12 62 39 35
# 111 12 62 39 35
# 111 13 62 39 35
# 115 14 189 189 189
# 115 15 189 189 189
# 115 16 189 189 189
# 114 13 189 189 189
# 114 14 189 189 189
# 114 16 189 189 189
# 113 13 189 189 189
# 108 14 189 189 189
# 108 15 189 189 189
# 108 16 189 189 189
# 108 17 189 189 189
# 108 18 189 189 189
# 108 19 189 189 189
# 108 20 189 189 189
# 108 21 189 189 189
# 108 22 189 189 189
# 108 23 189 189 189
# 108 24 189 189 189
# 108 25 189 189 189
# 108 26 189 189 189
# 108 27 189 189 189
# 108 28 189 189 189
# 108 29 189 189 189
# 108 30 189 189 189
# 108 31 189 189 189
# 111 14 189 189 189
# 111 15 189 189 189
# 111 16 189 189 189
# 111 17 189 189 189
# 111 18 189 189 189
# 111 19 189 189 189
# 111 20 189 189 189
# 111 21 189 189 189
# 111 22 189 189 189
# 111 23 189 189 189
# 111 24 189 189 189
# 111 25 189 189 189
# 111 26 189 189 189
# 111 27 189 189 189
# 111 28 189 189 189
# 111 29 189 189 189
# 111 30 189 189 189
# 111 31 189 189 189
# 110 31 189 189 189
# 109 31 189 189 189
# 110 32 189 189 189
# 109 32 189 189 189
# 109 14 0 172 193
# 109 15 0 172 193
# 109 16 0 172 193
# 109 17 0 172 193
# 109 18 0 172 193
# 109 19 66 66 66
# 109 20 66 66 66
# 109 21 66 66 66
# 109 22 66 66 66
# 109 23 0 172 193
# 109 24 0 172 193
# 109 25 0 172 193
# 109 26 0 172 193
# 109 27 0 172 193
# 109 28 66 66 66
# 109 29 66 66 66
# 109 30 66 66 66
# 110 14 66 66 66
# 110 15 66 66 66
# 110 16 66 66 66
# 110 17 66 66 66
# 110 18 0 172 193
# 110 19 0 172 193
# 110 20 0 172 193
# 110 21 0 172 193
# 110 22 0 172 193
# 110 23 0 172 193
# 110 24 66 66 66
# 110 25 66 66 66
# 110 26 66 66 66
# 110 27 66 66 66
# 110 28 0 172 193
# 110 29 0 172 193
# 110 30 0 172 193